   6.5552803e-04
   5.3261653e-04
   4.9710876e-04
   4.6603946e-04
   4.3862538e-04
   4.1425730e-04
   3.3638939e-04
   2.6630827e-04
   1.5217616e-04
   9.6839382e-05
   1.3894345e-04
   1.3315414e-04
   1.7043730e-04
  -8.5218640e-05
  -4.2609320e-05
  -4.2609320e-05
  -4.2609320e-05
  -4.2609320e-05
  -4.2609320e-05
  -1.2782796e-04
  -2.1304660e-04
  -1.2782796e-04
  -4.2609320e-05
  -1.2782796e-04
  -1.7043728e-04
  -1.2782796e-04
  -1.2782796e-04
  -1.2782796e-04
  -8.5218640e-05
  -1.2782796e-04
  -1.2782796e-04
  -8.5218640e-05
  -8.5218640e-05
  -4.2609320e-05
  -4.2609320e-05
  -8.5218640e-05
  -1.2782796e-04
  -1.2782796e-04
  -1.7043728e-04
  -2.1304660e-04
  -2.1304660e-04
  -1.7043728e-04
  -1.7043728e-04
  -2.1304660e-04
  -2.1304660e-04
  -1.2782796e-04
  -1.2782796e-04
  -1.2782796e-04
  -8.5218640e-05
  -1.2782796e-04
  -2.1304660e-04
  -1.7043728e-04
  -1.7043728e-04
  -2.5565592e-04
  -1.2782796e-04
  -1.2782796e-04
  -1.7043728e-04
  -1.2782796e-04
  -8.5218640e-05
  -4.2609320e-05
  -8.5218640e-05
  -4.2609320e-05
  -8.5218640e-05
  -8.5218640e-05
  -1.2782796e-04
  -1.7043728e-04
  -2.5565592e-04
  -3.4087456e-04
  -3.4087456e-04
  -3.4087456e-04
  -3.4087456e-04
  -4.6870252e-04
  -5.9653048e-04
  -6.8174912e-04
  -5.9653048e-04
  -6.3913980e-04
  -8.0957708e-04
  -9.8001436e-04
  -8.5218640e-04
  -8.5218640e-04
  -7.6696776e-04
  -7.2435844e-04
  -7.6696776e-04
  -8.0957708e-04
  -8.0957708e-04
  -7.2435844e-04
  -5.5392116e-04
  -2.5565590e-04
  -2.5565590e-04
  -5.5392114e-04
  -5.1131182e-04
  -2.1304658e-04
  -1.2782794e-04
   2.5565595e-04
   5.9653053e-04
   8.5218646e-04
   7.6696782e-04
   5.5392121e-04
   5.5392121e-04
   4.2609325e-04
   4.2609325e-04
   6.3913985e-04
   1.0226237e-03
   1.1078424e-03
   1.2782796e-03
   1.4913263e-03
   1.6191542e-03
   1.6617635e-03
   1.4061076e-03
   1.0652330e-03
   9.8001441e-04
   1.0652330e-03
   1.0226237e-03
   1.2356703e-03
   1.7895915e-03
   2.2156847e-03
   2.3861220e-03
   2.8122152e-03
   2.9826524e-03
   2.6843872e-03
   1.8322008e-03
   2.4713406e-03
   3.3235270e-03
   2.9826524e-03
   2.8122152e-03
   3.3235270e-03
   3.7070109e-03
   3.9626668e-03
   4.4313693e-03
   4.9852905e-03
   5.6244304e-03
   6.4766168e-03
   7.3288032e-03
   8.1809896e-03
   8.9905667e-03
   9.5870972e-03
   1.0183628e-02
   1.1035814e-02
   1.2271484e-02
   1.4018467e-02
   1.6148933e-02
   1.8492445e-02
   2.0793348e-02
   2.3222080e-02
   2.5352546e-02
   2.8036933e-02
   2.8889120e-02
   2.9357822e-02
   3.0423055e-02
   3.1317851e-02
   3.1190023e-02
   3.1956991e-02
   3.4513550e-02
   4.1970181e-02
   4.9256376e-02
   5.9866096e-02
   7.0433207e-02
   7.7847229e-02
   8.1298584e-02
   8.2619473e-02
   8.4792548e-02
   8.9692620e-02
   9.7064033e-02
   1.0464849e-01
   1.0946335e-01
   1.1615301e-01
   1.2262963e-01
   1.3404892e-01
   1.4563866e-01
   1.5654664e-01
   1.7090599e-01
   1.8905756e-01
   2.0729435e-01
   2.2629810e-01
   2.4479055e-01
   2.6251603e-01
   2.8032672e-01
   2.9864340e-01
   3.1534093e-01
   3.3493589e-01
   3.5815265e-01
   3.8286073e-01
   4.1238366e-01
   4.4680667e-01
   4.7743744e-01
   5.0883519e-01
   5.3912509e-01
   5.6698626e-01
   5.9574222e-01
   6.2458341e-01
   6.5295589e-01
   6.7604481e-01
   6.9679023e-01
   7.1549039e-01
   7.3811062e-01
   7.5676817e-01
   7.7210220e-01
   7.8607273e-01
   7.9965978e-01
   8.1414162e-01
   8.3088176e-01
   8.4838886e-01
   8.6556042e-01
   8.7928062e-01
   8.8873989e-01
   8.9449215e-01
   8.9841220e-01
   9.0015919e-01
   9.0122442e-01
   9.0667841e-01
   9.1085413e-01
   9.1243067e-01
   9.1511506e-01
   9.1788466e-01
   9.2448911e-01
   9.2968744e-01
   9.4123457e-01
   9.5077906e-01
   9.5994006e-01
   9.6658712e-01
   9.7037935e-01
   9.7357504e-01
   9.7625943e-01
   9.8320475e-01
   9.8955354e-01
   9.9287706e-01
   9.9475187e-01
   9.9321794e-01
   9.9547623e-01
   9.9977978e-01
   1.0042484e+00
   1.0134893e+00
   1.0257981e+00
   1.0393425e+00
   1.0562105e+00
   1.0707350e+00
   1.0864525e+00
   1.0991447e+00
   1.1097491e+00
   1.1164761e+00
   1.1226065e+00
   1.1299726e+00
   1.1403639e+00
   1.1529283e+00
   1.1670693e+00
   1.1835538e+00
   1.2021687e+00
   1.2201445e+00
   1.2314733e+00
   1.2415664e+00
   1.2521282e+00
   1.2625621e+00
   1.2753396e+00
   1.2856457e+00
   1.2966336e+00
   1.3012780e+00
   1.3050276e+00
   1.3084364e+00
   1.3098425e+00
   1.3092460e+00
   1.3066468e+00
   1.3044311e+00
   1.3025989e+00
   1.3019172e+00
   1.3020024e+00
   1.2997441e+00
   1.2964205e+00
   1.2895178e+00
   1.2820612e+00
   1.2724741e+00
   1.2598671e+00
   1.2382268e+00
   1.2193136e+00
   1.2004004e+00
   1.1785472e+00
   1.1574183e+00
   1.1377807e+00
   1.1172057e+00
   1.0913472e+00
   1.0627191e+00
   1.0324345e+00
   9.9477850e-01
   9.5294680e-01
   9.0898463e-01
   8.6532073e-01
   8.1952636e-01
   7.7283720e-01
   7.2725588e-01
   6.7933105e-01
   6.3102273e-01
   5.8446140e-01
   5.3649396e-01
   4.8848391e-01
   4.4145387e-01
   3.9531862e-01
   3.5331116e-01
   3.1965513e-01
   2.8642518e-01
   2.5549614e-01
   2.2895586e-01
   2.0267124e-01
   1.7493789e-01
   1.4856805e-01
   1.3195574e-01
   1.1674954e-01
   1.0878159e-01
   1.0592677e-01
   1.0631025e-01
   1.1018770e-01
   1.1555648e-01
   1.2957494e-01
   1.4559072e-01
   1.6339609e-01
   1.8541979e-01
   2.1340878e-01
   2.4497697e-01
   2.7709907e-01
   3.0555677e-01
   3.3098920e-01
   3.5556946e-01
   3.7448800e-01
   3.9084997e-01
   4.0908676e-01
   4.2651398e-01
   4.4836723e-01
   4.6830307e-01
   4.8683812e-01
   5.0268879e-01
   5.1827848e-01
   5.3207857e-01
   5.4246992e-01
   5.5115689e-01
   5.5869342e-01
   5.6806214e-01
   5.8071178e-01
   5.9745192e-01
   6.1219474e-01
   6.2932369e-01
   6.4871093e-01
   6.6574934e-01
   6.8074249e-01
   7.0327749e-01
   7.3914922e-01
   7.7753489e-01
   8.2239185e-01
   8.7738450e-01
   9.3646765e-01
   9.9410209e-01
   1.0500748e+00
   1.0988944e+00
   1.1460576e+00
   1.1933859e+00
   1.2393933e+00
   1.2760320e+00
   1.3119463e+00
   1.3443241e+00
   1.3759775e+00
   1.4093352e+00
   1.4492975e+00
   1.4919387e+00
   1.5328330e+00
   1.5743665e+00
   1.6070372e+00
   1.6349782e+00
   1.6558568e+00
   1.6654865e+00
   1.6582003e+00
   1.6383071e+00
   1.6189198e+00
   1.5932797e+00
   1.5630803e+00
   1.5308783e+00
   1.4897710e+00
   1.4446584e+00
   1.3937083e+00
   1.3438660e+00
   1.2939812e+00
   1.2487407e+00
   1.2059290e+00
   1.1593677e+00
   1.1139142e+00
   1.0664154e+00
   1.0119714e+00
   9.4627845e-01
   8.7373075e-01
   7.9764648e-01
   7.2083785e-01
   6.4854581e-01
   5.7761727e-01
   5.1056086e-01
   4.5381589e-01
   4.0653020e-01
   3.6205140e-01
   3.1689617e-01
   2.7207649e-01
   2.2725681e-01
   1.8256496e-01
   1.4588366e-01
   1.1567898e-01
   9.3868334e-02
   7.4949796e-02
   5.7181709e-02
   3.7496203e-02
   1.9259414e-02
   7.4140224e-03
  -1.3208886e-03
  -6.8174914e-03
  -7.1583659e-03
  -5.2835558e-03
  -3.9626668e-03
  -3.9200575e-03
  -3.8774482e-03
  -3.4513550e-03
  -4.2183227e-03
  -3.4513550e-03
  -2.8122152e-03
  -2.8548245e-03
  -2.7269965e-03
  -2.1730754e-03
  -1.3634983e-03
   1.2782804e-04
   2.4713406e-03
   5.7948679e-03
   1.0098409e-02
   1.5680231e-02
   2.2412504e-02
   3.0124791e-02
   3.9371014e-02
   5.0279000e-02
   6.2465266e-02
   7.6142857e-02
   9.0630026e-02
   1.0469110e-01
   1.1977480e-01
   1.3579591e-01
   1.5092222e-01
   1.6860508e-01
   1.8973398e-01
   2.1465511e-01
   2.3944840e-01
   2.6918438e-01
   3.0471523e-01
   3.4668009e-01
   3.8613099e-01
   4.2532624e-01
   4.5855619e-01
   4.8807912e-01
   5.1670726e-01
   5.4559105e-01
   5.7541225e-01
   6.0702304e-01
   6.3991211e-01
   6.7731244e-01
   7.1616148e-01
   7.5569228e-01
   7.9347610e-01
   8.3215471e-01
   8.6998114e-01
   9.0525100e-01
   9.3630254e-01
   9.6633146e-01
   9.9337773e-01
   1.0162163e+00
   1.0353053e+00
   1.0541386e+00
   1.0732649e+00
   1.0868093e+00
   1.0979250e+00
   1.1130886e+00
   1.1260791e+00
   1.1432028e+00
   1.1568324e+00
   1.1717830e+00
   1.1857109e+00
   1.1979344e+00
   1.2084110e+00
   1.2165441e+00
   1.2216998e+00
   1.2272816e+00
   1.2358461e+00
   1.2467967e+00
   1.2536994e+00
   1.2597925e+00
   1.2653743e+00
   1.2745353e+00
   1.2881703e+00
   1.3023166e+00
   1.3173524e+00
   1.3344760e+00
   1.3515996e+00
   1.3613572e+00
   1.3711147e+00
   1.3776765e+00
   1.3784861e+00
   1.3782304e+00
   1.3772930e+00
   1.3845366e+00
   1.3897350e+00
   1.3944646e+00
   1.3990238e+00
   1.4042221e+00
   1.4117640e+00
   1.4168345e+00
   1.4185815e+00
   1.4170475e+00
   1.4145762e+00
   1.4144910e+00
   1.4108692e+00
   1.4093352e+00
   1.4031569e+00
   1.3902037e+00
   1.3738044e+00
   1.3545077e+00
   1.3329101e+00
   1.3116534e+00
   1.2900558e+00
   1.2636859e+00
   1.2365065e+00
   1.2135454e+00
   1.1913513e+00
   1.1685606e+00
   1.1411256e+00
   1.1081992e+00
   1.0756137e+00
   1.0420908e+00
   1.0056705e+00
   9.6443535e-01
   9.2145320e-01
   8.7527534e-01
   8.2360089e-01
   7.6971076e-01
   7.1637454e-01
   6.6589314e-01
   6.1221605e-01
   5.6309815e-01
   5.1900816e-01
   4.7781027e-01
   4.3810371e-01
   3.9737453e-01
   3.5677317e-01
   3.1928229e-01
   2.8588191e-01
   2.5133108e-01
   2.1558719e-01
   1.7942252e-01
   1.4568659e-01
   1.1625421e-01
   9.2994843e-02
   7.0923215e-02
   5.0598568e-02
   3.1339156e-02
   1.4124990e-02
  -5.7522540e-04
  -1.0801463e-02
  -1.8002438e-02
  -2.4436446e-02
  -3.1126109e-02
  -3.5003557e-02
  -3.5855744e-02
  -3.6665321e-02
  -3.8540131e-02
  -3.9775801e-02
  -3.9818411e-02
  -3.8838396e-02
  -3.8114038e-02
  -3.7943601e-02
  -3.7006196e-02
  -3.4918339e-02
  -3.1935686e-02
  -2.6060926e-02
  -2.0186166e-02
  -1.5973169e-02
  -1.1760172e-02
  -8.7349107e-03
  -6.6470541e-03
  -4.5591974e-03
  -2.1304660e-03
  -1.1504516e-03
  -1.6191542e-03
  -1.3634982e-03
  -8.9479572e-04
  -8.9479572e-04
  -8.5218640e-04
  -6.8174912e-04
  -8.0957708e-04
  -7.6696776e-04
  -8.0957708e-04
  -9.3740504e-04
  -9.8001436e-04
  -9.8001436e-04
  -8.9479572e-04
  -8.9479572e-04
  -8.9479572e-04
  -8.9479572e-04
  -8.9479572e-04
  -8.5218640e-04
  -8.5218640e-04
  -8.0957708e-04
  -7.6696776e-04
  -7.6696776e-04
  -7.6696776e-04
  -7.2435844e-04
  -6.8174912e-04
  -7.2435844e-04
  -8.0957708e-04
  -8.9479572e-04
  -8.9479572e-04
  -8.5218640e-04
  -7.6696776e-04
  -6.8174912e-04
  -6.3913980e-04
  -5.9653048e-04
  -5.1131184e-04
  -5.1131184e-04
  -4.6870252e-04
  -4.2609320e-04
  -3.8348388e-04
  -3.4087456e-04
  -2.5565592e-04
  -2.5565592e-04
  -2.5565592e-04
  -2.5565592e-04
  -2.5565592e-04
  -2.5565592e-04
  -2.5565592e-04
  -2.9826524e-04
  -3.4087456e-04
  -3.4087456e-04
  -2.5565592e-04
  -2.1304660e-04
  -2.1304660e-04
  -2.1304660e-04
  -2.5565592e-04
  -2.1304660e-04
  -2.1304660e-04
  -2.5565592e-04
  -2.9826524e-04
  -2.1304660e-04
  -1.2782796e-04
  -1.7043728e-04
  -2.5565592e-04
  -2.9826524e-04
  -2.9826524e-04
  -3.8348388e-04
  -3.8348388e-04
  -3.8348388e-04
  -2.5565592e-04
  -2.5565592e-04
  -2.5565592e-04
  -2.5565592e-04
  -1.7043728e-04
  -8.5218640e-05
  -8.5218640e-05
  -8.5218640e-05
  -4.2609320e-05
   4.2609320e-05
   1.2782796e-04
   8.5218640e-05
  -4.2609320e-05
  -8.5218640e-05
  -4.2609320e-05
  -8.5218640e-05
  -1.2782796e-04
  -1.2782796e-04
  -8.5218640e-05
  -4.2609320e-05
  -4.2609320e-05
  -8.5218640e-05
  -4.2609320e-05
   4.2609320e-05
   8.5218640e-05
  -4.2609320e-05
  -8.5218640e-05
  -4.2609320e-05
  -4.2609320e-05
  -1.7043728e-04
  -2.1304660e-04
  -2.1304660e-04
  -2.1304660e-04
  -2.5565592e-04
  -2.9826524e-04
  -3.4087456e-04
  -2.5565592e-04
  -1.7043728e-04
  -1.7043728e-04
  -2.1304660e-04
  -1.7043728e-04
  -8.5218640e-05
  -8.5218640e-05
  -1.7043728e-04
  -2.5565592e-04
  -3.4087456e-04
  -4.2609320e-04
  -1.0652330e-03
  -1.0652330e-03
  -1.0652330e-03
  -1.0652330e-03
  -1.0652330e-03
  -1.1620724e-03
  -1.2174091e-03
  -1.1717563e-03
  -1.1773628e-03
  -1.1835922e-03
  -1.3158761e-03
  -1.3981183e-03
  -1.4913262e-03
  -1.5978495e-03
  -1.7207610e-03
